0.005 0
0.015 0
0.025 0
0.035 0
0.045 0
0.055 0
0.065 0
0.075 0
0.085 0
0.095 0
0.105 0
0.115 0
0.125 0
0.135 0
0.145 0
0.155 0
0.165 0
0.17500000000000002 3.48569e-05
0.185 0.000186313
0.195 0.000829886
0.20500000000000002 0.00211607
0.215 0.00423976
0.225 0.00685547
0.23500000000000001 0.00859258
0.245 0.0116392
0.255 0.0157024
0.265 0.0217666
0.275 0.0287398
0.28500000000000003 0.0352038
0.295 0.0453783
0.305 0.0525348
0.315 0.0697144
0.325 0.0817657
0.335 0.0986273
0.34500000000000003 0.123135
0.355 0.143937
0.365 0.154599
0.375 0.185823
0.385 0.215419
0.395 0.226651
0.405 0.248892
0.41500000000000004 0.276142
0.425 0.290037
0.435 0.305301
0.445 0.316785
0.455 0.33152
0.465 0.344604
0.47500000000000003 0.356331
0.485 0.376096
0.495 0.392053
0.505 0.420425
0.515 0.426513
0.525 0.422045
0.535 0.424757
0.545 0.436029
0.555 0.434945
0.5650000000000001 0.42497
0.5750000000000001 0.432043
0.585 0.433117
0.595 0.423497
0.605 0.396639
0.615 0.377726
0.625 0.366178
0.635 0.328423
0.645 0.300294
0.655 0.266552
0.665 0.251606
0.675 0.207692
0.685 0.185739
0.6950000000000001 0.152639
0.705 0.124929
0.715 0.106238
0.725 0.085042
0.735 0.0715189
0.745 0.0577803
0.755 0.0451478
0.765 0.0381947
0.775 0.0298421
0.785 0.023827
0.795 0.0204353
0.805 0.0146271
0.8150000000000001 0.0122446
0.8250000000000001 0.0102936
0.835 0.00720112
0.845 0.00566829
0.855 0.00433988
0.865 0.0033325
0.875 0.00231782
0.885 0.00162267
0.895 0.00108148
0.905 0.000566379
0.915 0.000161229
0.925 7.44945e-05
0.935 5.9188e-06
0.9450000000000001 1.46618e-05
0.9550000000000001 0
0.965 0
0.975 0
0.985 0
0.995 0
1.0050000000000001 0
